[header]
width=76
height=32
tilewidth=16
tileheight=16
orientation=orthogonal

[tilesets]
tileset=../../../../OneDrive/Documents/GitHub/CS3113/assets/sprite_sheets/dirt-tiles.png,16,16,0,0

[layer]
type=Tile Layer 1
data=
300,300,300,300,300,300,300,300,300,0,283,283,283,283,283,283,283,283,283,283,0,0,0,0,0,283,283,283,283,283,283,283,283,283,283,283,283,283,283,283,283,283,283,283,283,283,283,283,283,283,283,283,283,283,283,283,283,283,283,283,276,276,0,0,283,283,283,0,300,300,300,300,300,300,300,300,
300,300,300,300,300,300,300,300,300,0,0,0,0,0,0,283,283,0,0,0,0,0,0,0,0,0,0,0,283,283,283,283,283,283,283,283,283,283,283,283,283,283,283,283,283,283,283,283,283,283,283,283,283,283,0,0,283,283,283,283,276,276,209,210,0,283,283,0,300,300,300,300,300,300,300,300,
300,300,300,300,300,300,300,300,300,0,0,0,0,0,0,283,283,0,0,0,0,0,0,0,0,283,283,283,283,283,283,283,283,283,283,283,283,283,283,283,283,283,283,283,283,283,283,283,283,283,283,283,283,0,0,0,0,0,0,0,276,276,233,234,0,283,283,0,300,300,300,300,300,300,300,300,
300,300,300,300,300,300,300,300,300,283,0,0,0,0,0,0,0,0,283,283,0,283,283,283,283,283,0,0,283,283,283,283,283,283,283,283,283,283,283,275,275,283,283,283,283,283,283,275,275,283,283,283,283,0,275,275,275,275,275,275,276,276,172,172,283,0,275,275,300,300,300,300,300,300,300,300,
300,300,300,300,300,300,300,300,300,0,0,0,0,0,0,0,0,0,0,0,0,275,0,0,0,0,0,275,283,283,275,275,275,275,283,283,275,275,275,276,276,275,275,0,283,275,275,276,276,275,275,275,283,283,0,0,0,0,0,0,0,0,0,0,0,275,276,276,300,300,300,300,300,300,300,300,
300,300,300,300,300,300,300,300,300,0,0,0,0,0,0,0,0,0,0,0,275,275,275,275,275,275,275,276,283,283,276,276,276,276,275,275,276,276,276,276,276,276,276,283,0,0,0,283,283,283,283,283,283,283,283,283,283,283,283,0,0,0,0,0,0,276,276,276,300,300,300,300,300,300,300,300,
300,300,300,300,300,300,300,300,300,0,0,0,0,0,0,0,0,0,0,275,276,276,276,276,276,276,276,276,283,0,0,0,0,0,0,0,0,0,0,0,0,0,0,283,283,0,0,283,0,0,0,0,0,283,283,283,283,283,283,283,0,0,275,275,275,276,276,276,300,300,300,300,300,300,300,300,
300,300,300,300,300,300,300,300,300,0,0,0,0,0,0,0,0,302,302,302,302,0,0,0,0,0,0,0,0,0,0,0,0,0,0,0,0,0,0,0,0,0,0,0,0,0,0,0,0,0,0,275,275,275,275,283,283,283,283,283,283,275,276,276,276,276,276,276,300,300,300,300,300,300,300,300,
300,300,300,300,300,300,300,300,300,0,0,0,0,0,0,0,302,302,302,188,0,0,0,0,0,0,0,0,0,0,0,0,0,0,0,0,0,0,0,0,0,0,0,0,283,275,275,275,275,0,0,0,0,276,276,275,275,275,275,275,275,276,276,276,276,276,276,276,300,300,300,300,300,300,300,300,
300,300,300,300,300,300,300,300,300,0,0,0,0,0,0,302,302,302,302,302,0,0,0,0,0,0,0,283,283,283,283,283,283,283,283,283,283,283,283,283,283,0,275,275,275,276,276,0,0,0,0,0,0,0,0,0,0,0,0,0,0,0,0,0,0,0,0,0,300,300,300,300,300,300,300,300,
300,300,300,300,300,300,300,300,300,0,0,0,0,0,302,302,302,302,302,302,302,0,0,0,0,0,0,283,283,283,283,283,283,283,283,283,283,283,283,283,283,275,276,0,0,0,0,0,0,0,0,0,0,0,0,0,0,0,0,0,0,0,0,0,0,0,0,0,300,300,300,300,300,300,300,300,
300,300,300,300,300,300,300,300,300,0,0,0,0,302,302,302,302,302,302,302,302,302,283,283,283,283,283,283,283,0,0,0,0,0,0,0,0,0,0,0,0,0,283,283,283,0,0,0,0,0,0,0,0,0,0,0,0,0,0,0,0,0,0,0,0,283,0,0,300,300,300,300,300,300,300,300,
300,300,300,300,300,300,300,300,300,0,0,0,302,302,0,0,0,0,0,0,0,302,302,283,283,283,283,283,283,302,0,283,283,283,283,283,0,0,302,283,283,283,283,283,0,0,0,0,283,283,0,0,0,0,0,0,0,0,302,302,302,302,0,0,283,283,283,0,300,300,300,300,300,300,300,300,
300,300,300,300,300,300,300,300,300,0,0,0,0,0,0,0,283,283,283,283,0,0,0,0,0,0,302,283,283,302,302,0,0,0,0,0,0,302,302,302,0,0,283,283,283,283,283,283,0,283,0,302,302,302,0,0,302,302,302,0,0,0,0,283,283,302,302,302,300,300,300,300,300,300,300,300,
300,300,300,300,300,300,300,300,300,302,302,0,0,0,0,0,0,0,0,0,0,302,302,302,302,302,302,0,0,302,302,302,302,302,302,302,302,302,302,302,302,302,0,0,302,302,0,0,0,0,302,302,0,0,0,0,0,0,0,0,0,0,283,283,302,302,302,302,300,300,300,300,300,300,300,300,
300,300,300,300,300,300,300,300,300,302,302,302,302,302,302,0,0,0,0,0,302,302,302,302,302,302,302,0,0,0,0,0,0,0,0,0,0,0,0,283,283,0,0,0,283,302,302,302,283,0,0,0,0,0,0,0,0,0,0,0,0,0,283,302,302,302,302,302,300,300,300,300,300,300,300,300,
300,300,300,300,300,300,300,300,300,0,0,0,0,0,302,302,0,0,302,302,302,0,0,0,0,0,0,0,0,0,283,0,0,0,0,0,0,0,0,0,283,0,0,0,0,0,0,283,283,0,0,0,283,0,0,0,0,0,0,0,0,0,302,302,302,302,302,302,300,300,300,300,300,300,300,300,
300,300,300,300,300,300,300,300,300,0,0,0,0,0,0,0,0,0,0,0,0,0,0,0,0,0,0,0,0,0,0,0,0,0,0,0,0,0,0,0,0,0,0,0,0,283,283,283,283,283,283,283,283,283,283,283,0,0,0,0,0,302,302,302,302,302,302,302,300,300,300,300,300,300,300,300,
300,300,300,300,300,300,300,300,300,0,0,0,0,0,0,0,0,0,0,0,0,0,0,0,0,0,0,0,0,0,0,0,0,0,0,0,0,0,0,7,188,0,0,7,0,0,0,0,0,0,0,28,28,0,283,29,28,0,0,0,302,302,302,302,302,302,302,302,300,300,300,300,300,300,300,300,
300,300,300,300,300,300,300,300,300,0,0,0,0,0,0,0,0,0,0,0,0,0,0,0,0,0,0,0,0,0,0,0,0,0,0,0,0,0,28,52,52,0,0,52,28,283,283,283,283,283,28,52,52,283,0,52,52,28,0,0,0,0,0,0,0,0,0,0,300,300,300,300,300,300,300,300,
300,300,300,300,300,300,300,300,300,0,0,0,0,0,0,0,0,0,0,0,283,283,0,0,0,0,0,0,0,0,0,0,283,283,283,283,0,28,52,33,33,0,0,33,52,28,283,283,283,28,52,33,33,0,0,33,33,52,28,0,0,0,0,0,0,0,0,0,300,300,300,300,300,300,300,300,
300,300,300,300,300,300,300,300,300,0,0,0,0,0,0,28,188,7,0,0,7,28,0,0,0,0,0,0,7,28,28,0,0,283,283,0,28,52,33,33,33,0,0,33,33,52,7,28,7,52,33,33,33,0,0,33,33,33,52,28,0,0,0,0,0,283,0,0,300,300,300,300,300,300,300,300,
300,300,300,300,300,300,300,300,300,28,7,28,28,28,7,52,52,52,0,0,52,52,28,28,28,28,28,28,52,52,52,28,28,7,28,28,52,33,33,33,33,0,0,33,33,33,52,52,52,33,33,33,33,0,0,33,33,33,33,52,28,0,0,0,0,283,0,0,300,300,300,300,300,300,300,300,
300,300,300,300,300,300,300,300,300,52,52,52,52,52,52,33,33,33,0,0,33,33,52,52,52,52,52,52,33,33,33,52,52,52,52,52,33,33,33,33,33,0,0,33,33,33,33,33,33,33,33,33,33,0,0,33,33,33,33,33,52,28,0,0,0,283,283,0,300,300,300,300,300,300,300,300,
300,300,300,300,300,300,300,300,300,33,33,33,33,33,33,33,33,33,0,0,33,33,33,33,33,33,33,33,33,33,33,33,33,33,33,33,33,33,33,33,33,0,0,33,33,33,33,33,33,33,33,33,33,0,0,33,33,33,33,33,33,52,0,0,0,0,0,0,300,300,300,300,300,300,300,300,
300,300,300,300,300,300,300,300,300,0,0,0,0,0,0,0,0,0,0,0,0,0,0,0,0,0,0,0,0,0,0,0,0,0,0,0,0,0,0,0,0,0,0,0,0,0,0,0,0,0,0,0,0,0,0,0,0,0,0,0,0,0,0,0,0,300,300,300,300,300,300,300,300,300,300,300,
300,300,300,300,300,300,300,300,300,0,0,0,0,0,0,0,0,0,0,0,0,0,0,0,0,0,0,0,283,0,0,283,283,283,283,283,283,283,283,283,283,0,0,283,283,283,283,283,283,283,283,0,283,283,0,0,0,0,0,0,0,0,0,0,300,300,300,300,300,300,300,300,300,300,300,300,
300,300,300,300,300,300,300,300,300,0,0,0,0,0,0,0,0,0,0,0,0,0,0,0,0,0,0,0,0,0,0,283,283,283,283,283,283,283,283,283,283,0,0,283,283,283,283,283,283,283,283,283,283,283,283,283,283,283,283,283,283,283,0,300,300,300,300,300,300,300,300,300,300,300,300,300,
300,300,300,300,300,300,300,300,300,0,0,0,0,0,0,0,0,0,0,0,0,0,0,0,0,0,0,0,0,0,283,283,283,283,283,283,283,283,283,283,283,0,0,283,283,0,0,0,0,283,283,283,283,283,283,283,283,283,283,283,0,0,300,300,300,300,300,300,300,300,300,300,300,300,300,300,
300,300,300,300,300,300,300,300,300,0,0,0,0,0,0,0,0,0,300,300,0,0,0,0,0,0,0,0,300,300,0,0,0,0,0,0,0,0,0,0,0,0,0,0,0,0,300,300,0,0,283,283,283,283,283,283,283,283,283,0,0,300,300,300,300,300,300,300,300,300,300,300,300,300,300,300,
300,300,300,300,300,300,300,300,300,300,300,300,300,300,300,300,300,300,300,300,300,300,300,300,300,300,300,300,300,300,300,300,300,300,300,300,300,300,300,300,300,300,300,300,300,300,300,300,300,300,0,0,0,0,0,0,0,0,0,0,300,300,300,300,300,300,300,300,300,300,300,300,300,300,300,300,
300,300,300,300,300,300,300,300,300,300,300,300,300,300,300,300,300,300,300,300,300,300,300,300,300,300,300,300,300,300,300,300,300,300,300,300,300,300,300,300,300,300,300,300,300,300,300,300,300,300,300,300,300,300,300,300,300,300,300,300,300,300,300,300,300,300,300,300,300,300,300,300,300,300,300,300

[Object Layer 1]
# Player
type=Player
location=31,2,1,1

[Object Layer 1]
# Enemy1
type=Enemy
location=23,21,1,1

[Object Layer 1]
# Enemy2
type=Enemy
location=23,29,1,1

[Object Layer 1]
# Enemy 3
type=Enemy
location=12,29,1,1

[Object Layer 1]
# Enemy4
type=Enemy
location=36,29,1,1

[Object Layer 1]
# Enemy5
type=Enemy
location=57,7,1,1

[Object Layer 1]
# Enemy6
type=Enemy
location=33,12,1,1

[Object Layer 1]
# Enemy7
type=Enemy
location=52,30,1,1

[Object Layer 1]
# Enemy8
type=Enemy
location=23,3,1,1

[Object Layer 1]
# Goal
type=Goal
location=63,0,1,1

[Object Layer 1]
# Spike1
type=Spike
location=34,4,1,1

[Object Layer 1]
# Spike2
type=Spike
location=34,4,1,1

[Object Layer 1]
# Spike3
type=Spike
location=43,8,1,1

[Object Layer 1]
# Spike4
type=Spike
location=49,3,1,1

[Object Layer 1]
# Spiek5
type=Spike
location=45,3,1,1

